      0/49      4.6G   0.07655   0.03146   0.03651    0.1445        51       640    0.3269    0.6684    0.4195    0.1819   0.04179   0.01067   0.01925
      1/49     4.57G   0.05294   0.02486   0.01979   0.09759        52       640    0.6234    0.6334    0.6627    0.3253   0.03656   0.00913   0.01012
      2/49     4.57G   0.05059    0.0233   0.01338   0.08727        51       640    0.7821    0.6964    0.7429    0.4215   0.03099  0.009177    0.0101
      3/49     4.57G   0.04821   0.02389   0.01308   0.08518        40       640    0.4888    0.6201     0.487    0.2452    0.0343   0.01146   0.01027
      4/49     4.57G   0.04955   0.02551   0.01393   0.08898        47       640    0.3198    0.4255    0.2622   0.09314   0.04212   0.01377   0.01706
      5/49     4.57G   0.05026    0.0274   0.01552   0.09318        39       640    0.5455     0.465    0.4434    0.2026   0.03683   0.01266   0.01252
      6/49     4.57G   0.04736   0.02722   0.01485   0.08943        52       640    0.3601    0.4985    0.3516    0.1623   0.03413   0.01231   0.01418
      7/49     4.57G   0.04575   0.02598   0.01339   0.08512        43       640    0.6315    0.6529    0.6472    0.3084   0.03066   0.01113   0.01599
      8/49     4.57G   0.04497   0.02617   0.01253   0.08367        41       640    0.7536    0.7085    0.7265    0.3798   0.02602   0.01104   0.00746
      9/49     4.57G   0.04436   0.02615   0.01126   0.08177        55       640    0.5946    0.7609    0.6952    0.3517   0.03234  0.009894  0.007813
     10/49     4.57G   0.04313   0.02625   0.01133   0.08072        43       640    0.7109    0.5726    0.6483    0.3312   0.02938   0.01023  0.009644
     11/49     4.57G   0.04194     0.025   0.01059   0.07754        51       640    0.6111    0.6968    0.7057    0.3852   0.02785  0.009793  0.005091
     12/49     4.57G   0.04164   0.02493  0.009595   0.07617        55       640    0.8094    0.6953    0.7542    0.4103   0.02548  0.009899  0.006243
     13/49     4.57G   0.03976   0.02425  0.009116   0.07313        46       640     0.721    0.6429    0.7074    0.3909    0.0282   0.01045   0.01506
     14/49     4.57G   0.04133   0.02533   0.01048   0.07714        40       640    0.7863    0.7534    0.8046     0.434   0.02684  0.009736  0.004811
     15/49     4.57G    0.0398   0.02461  0.009024   0.07344        38       640    0.8485    0.7198     0.762    0.4258   0.02881   0.01006  0.006058
     16/49     4.57G   0.03891   0.02498  0.009197   0.07308        61       640    0.8284    0.7175    0.7644     0.439   0.02382  0.009502  0.008835
     17/49     4.57G   0.03879   0.02401  0.008009   0.07081        52       640     0.833    0.7506    0.7925    0.4398   0.02591  0.009652  0.009436
     18/49     4.57G   0.03773   0.02305  0.007057   0.06784        32       640    0.7821    0.6736    0.7595    0.4632   0.02499  0.009498   0.01289
     19/49     4.57G   0.03736   0.02355  0.006807   0.06771        48       640    0.6414    0.7802    0.7503    0.4516   0.02352  0.009411  0.003782
     20/49     4.57G   0.03737   0.02347  0.007804   0.06864        46       640     0.746    0.7791    0.8052    0.4761   0.02442  0.009446  0.004735
     21/49     4.57G   0.03725   0.02303   0.00882   0.06909        38       640    0.8301    0.6876     0.765     0.488   0.02273  0.009241  0.004631
     22/49     4.57G   0.03583   0.02324  0.006538   0.06561        59       640    0.8848    0.7324    0.8089    0.5137    0.0227  0.009255   0.01065
     23/49     4.57G   0.03531   0.02275  0.005683   0.06374        46       640    0.7193    0.6965    0.7028    0.4166   0.02518   0.01014  0.005257
     24/49     4.57G   0.03489   0.02293  0.006177     0.064        52       640    0.9201    0.7628    0.8284    0.5004   0.02276  0.009559  0.004374
     25/49     4.57G   0.03449   0.02259  0.006147   0.06322        46       640    0.7336    0.7554    0.7756    0.4756   0.02265   0.00913  0.003573
     26/49     4.57G   0.03452   0.02219  0.005748   0.06246        60       640    0.7991    0.7169    0.7834    0.4986    0.0239  0.008958  0.005145
     27/49     4.57G   0.03393   0.02202  0.005919   0.06187        68       640    0.8313    0.7536    0.8086    0.4971   0.02315  0.009718  0.009161
     28/49     4.57G   0.03422   0.02229  0.006003   0.06251        52       640    0.8173    0.7719    0.8229     0.503   0.02098  0.008903  0.009704
     29/49     4.57G   0.03422    0.0215  0.005561   0.06128        54       640    0.8595    0.7828    0.8215     0.515   0.02224  0.009455  0.006353
     30/49     4.57G   0.03343   0.02168  0.005067   0.06018        36       640    0.9177    0.7288    0.8243    0.5217   0.02293  0.009442  0.007711
     31/49     4.57G   0.03251   0.02111  0.004856   0.05848        47       640    0.7975    0.7452    0.7995    0.5076   0.02317  0.008956  0.007609
     32/49     4.57G    0.0325   0.02083  0.004565   0.05789        56       640    0.7914    0.8123     0.822    0.4964   0.02115  0.009346   0.00499
     33/49     4.57G   0.03184   0.02093  0.004187   0.05696        67       640    0.8835    0.7522    0.8226    0.5145   0.02043  0.009128  0.005019
     34/49     4.57G   0.03157   0.02028  0.003944    0.0558        54       640    0.7616    0.8258    0.7839    0.4943   0.02229  0.009144  0.005289
     35/49     4.57G   0.03072   0.02057  0.003733   0.05503        48       640    0.8133    0.8061    0.7839    0.5078   0.02172  0.009137  0.007126
     36/49     4.57G   0.03072   0.02024  0.004074   0.05504        52       640    0.7389    0.7898     0.786    0.5217   0.02118  0.009089   0.01169
     37/49     4.57G   0.03043   0.02002  0.003488   0.05394        53       640     0.807    0.7162    0.7934    0.5202   0.02118  0.009425   0.00526
     38/49     4.57G   0.03025   0.01984  0.003698   0.05379        33       640      0.86    0.7906    0.8186    0.5341   0.02093   0.00914  0.009541
     39/49     4.57G   0.02934   0.01978  0.003527   0.05264        52       640    0.8733     0.747    0.8178    0.5324    0.0202  0.008825   0.01034
     40/49     4.57G   0.02961   0.01985  0.003319   0.05278        39       640    0.8466    0.7333    0.8116    0.5216   0.02025  0.009162   0.00666
     41/49     4.57G   0.02915   0.01945  0.003749   0.05235        54       640    0.8404    0.7784    0.8077     0.537   0.01941  0.008909  0.007941
     42/49     4.57G   0.02915   0.01969  0.003304   0.05215        50       640    0.7963    0.8125     0.822    0.5473   0.02033  0.008738  0.006261
     43/49     4.57G   0.02849   0.01929  0.003173   0.05095        44       640    0.8464    0.7837    0.8135    0.4992    0.0214  0.009676  0.006662
     44/49     4.57G   0.02837   0.01884  0.003668   0.05087        42       640    0.8861    0.7921    0.8213    0.5281   0.02092  0.009349  0.004342
     45/49     4.57G   0.02789   0.01882  0.002945   0.04965        51       640    0.8336    0.7768     0.817    0.5487   0.02215  0.009131  0.004449
     46/49     4.57G   0.02797   0.01918  0.003475   0.05063        61       640    0.8131    0.8153    0.8213     0.545   0.02123  0.008941  0.005795
     47/49     4.57G   0.02801   0.01928  0.003013    0.0503        41       640     0.842    0.8152    0.8464     0.557   0.02106  0.008753  0.006069
     48/49     4.57G   0.02782   0.01891  0.002703   0.04943        51       640    0.7626    0.8584    0.8205    0.5565   0.02069  0.008749  0.008598
     49/49     4.57G   0.02743    0.0188  0.002749   0.04897        47       640    0.8712    0.7853    0.8305    0.5597   0.02081  0.008898  0.007421
